530
-1
0
0
0
0
3
2
0
2
1
1
0
0
11
1
11
12
13
0
11
12
13
4
5
7
1
4
2
0
18
3
0
1
26
31
31
32
31
32
33
0
4
1
37
18
31
44
30
40
3
18
28
1
37
38
39
40
41
42
43
44
45
46
47
48
49
50
51
11
12
40
40
2
3
4
5
4
0
12
4
28
0
31
81
0
2
18
0
0
81
82
0
28
52
18
1
87
1
28
81
28
29
18
51
29
30
3
50
30
48
31
28
52
94
4
18
30
4
42
2
3
4
5
6
7
8
9
10
11
12
13
14
15
16
17
18
19
20
21
22
23
24
25
26
27
28
29
30
31
32
33
34
35
36
37
38
39
40
41
42
43
44
45
46
47
48
49
50
51
52
53
54
55
56
57
58
59
60
61
62
63
64
65
66
67
68
69
70
71
72
73
74
75
76
77
78
79
80
81
82
83
84
85
86
87
88
89
90
91
92
93
94
95
96
97
98
99
100
101
102
103
104
105
106
107
108
109
110
111
112
113
114
115
116
117
34
32
94
114
4
115
95
94
114
115
88
7
3
50
51
52
94
114
5
76
27
0
18
95
98
52
94
256
257
2
81
81
256
257
258
242
262
3
256
2
31
35
111
81
100
101
264
86
51
81
1
81
285
256
274
256
1
37
111
278
279
280
281
282
283
284
285
286
287
288
289
290
291
292
293
31
83
2
86
262
263
264
0
28
40
72
73
106
4
115
102
95
259
28
7
8
3
106
323
324
325
326
327
88
1
96
88
89
90
0
1
0
1
40
88
89
90
344
345
346
347
2
87
88
89
90
344
345
346
40
349
350
351
352
353
354
355
26
5
76
81
344
346
344
3
31
11
2
275
344
379
1
346
347
3
11
14
98
310
111
310
2
256
291
292
38
98
317
18
95
259
260
98
319
49
50
51
104
95
0
81
0
31
256
31
344
28
3
28
52
407
260
261
114
253
6
7
84
7
11
14
2
3
4
5
6
7
8
9
10
11
12
13
14
15
16
17
18
19
20
21
22
23
24
25
26
27
344
18
30
416
1
26
375
266
285
94
114
253
430
11
382
7
8
4
42
10
346
347
286
18
262
419
420
4
5
423
424
425
426
427
428
429
430
431
8
331
24
434
84
433
8
331
502
247
248
102
30
50
51
328
29
51
416
416
88
339
340
341
342
87
88
89
416
81
1 2 3 4 7 11 12 18 28 31 40 77 81 84 87 88 91 256 317 344 346 414 416 
2 10 11 26 37 94 96 98 286 288 346 348 389 414 
3 7 9 28 86 256 265 275 317 357 462 475 479 
4 6 24 31 48 50 106 273 386 390 423 465 
5 27 34 40 42 77 80 115 239 375 
6 24 76 491 
7 475 
8 25 247 432 434 
9 331 479 
10 
11 482 
12 14 18 22 382 504 
13 70 79 
14 18 22 
15 392 436 
16 
17 
18 
19 30 45 51 87 95 102 114 245 262 264 
20 
21 
22 
23 
24 
25 503 509 
26 
27 34 40 373 468 
28 256 462 
29 52 68 81 310 319 328 329 338 402 422 518 
30 102 281 413 517 
31 48 106 117 465 513 
32 35 44 83 91 111 344 381 396 418 
33 37 237 401 
34 40 
35 236 
36 277 
37 
38 44 293 
39 401 
40 
41 49 71 72 110 349 
42 
43 119 481 
44 
45 47 
46 
47 
48 
49 110 
50 
51 108 511 
52 68 104 284 515 518 
53 94 407 
54 
55 
56 
57 
58 
59 
60 
61 
62 
63 
64 
65 
66 
67 
68 
69 
70 
71 
72 
73 
74 322 
75 
76 
77 255 375 
78 
79 
80 
81 
82 84 100 266 267 285 312 376 416 485 525 
83 91 344 
84 312 
85 433 
86 
87 283 314 
88 97 
89 246 339 
90 525 528 
91 344 
92 
93 
94 
95 114 262 
96 242 259 414 
97 341 
98 
99 260 328 338 393 402 408 
100 
101 
102 281 
103 326 512 
104 
105 413 
106 
107 323 
108 
109 
110 
111 
112 278 310 
113 
114 
115 239 253 
116 241 245 325 
117 
118 235 
119 
120 
121 
122 
123 
124 
125 
126 
127 
128 
129 
130 
131 
132 
133 
134 
135 
136 
137 
138 
139 
140 
141 
142 
143 
144 
145 
146 
147 
148 
149 
150 
151 
152 
153 
154 
155 
156 
157 
158 
159 
160 
161 
162 
163 
164 
165 
166 
167 
168 
169 
170 
171 
172 
173 
174 
175 
176 
177 
178 
179 
180 
181 
182 
183 
184 
185 
186 
187 
188 
189 
190 
191 
192 
193 
194 
195 
196 
197 
198 
199 
200 
201 
202 
203 
204 
205 
206 
207 
208 
209 
210 
211 
212 
213 
214 
215 
216 
217 
218 
219 
220 
221 
222 
223 
224 
225 
226 
227 
228 
229 
230 
231 
232 
233 
234 
235 
236 
237 
238 
239 
240 
241 
242 
243 271 
244 
245 
246 
247 
248 
249 511 
250 
251 
252 
253 
254 430 
255 
256 
257 272 274 291 419 
258 264 
259 270 
260 328 338 
261 407 
262 428 
263 272 487 
264 
265 282 317 
266 
267 470 
268 
269 
270 
271 
272 
273 
274 
275 290 
276 384 
277 
278 
279 
280 
281 
282 
283 
284 
285 
286 288 471 
287 485 
288 
289 
290 
291 
292 
293 400 
294 310 
295 
296 
297 
298 
299 
300 
301 
302 
303 
304 
305 
306 
307 
308 
309 
310 
311 394 396 
312 
313 
314 
315 
316 
317 
318 403 
319 
320 409 
321 
322 
323 
324 
325 
326 
327 
328 338 
329 516 
330 
331 
332 502 
333 
334 
335 
336 
337 
338 
339 
340 
341 
342 
343 525 
344 
345 377 379 421 463 489 
346 
347 364 378 
348 356 372 389 484 
349 
350 
351 
352 
353 
354 
355 
356 372 
357 
358 
359 
360 
361 
362 
363 
364 
365 
366 
367 
368 
369 
370 
371 
372 
373 
374 
375 
376 469 
377 
378 
379 
380 386 
381 
382 
383 477 
384 
385 
386 
387 
388 
389 
390 
391 
392 
393 
394 
395 
396 
397 
398 
399 
400 
401 
402 
403 
404 
405 
406 
407 
408 426 
409 
410 
411 
412 
413 
414 
415 
416 
417 466 519 520 529 
418 
419 
420 
421 489 
422 
423 
424 
425 
426 
427 
428 
429 
430 
431 475 
432 500 
433 
434 506 
435 504 
436 
437 
438 
439 
440 
441 
442 
443 
444 
445 
446 
447 
448 
449 
450 
451 
452 
453 
454 
455 
456 
457 
458 
459 
460 
461 
462 
463 
464 
465 
466 
467 
468 
469 
470 
471 
472 
473 
474 
475 
476 
477 
478 
479 
480 
481 
482 
483 
484 
485 
486 
487 
488 
489 
490 
491 
492 
493 
494 
495 
496 
497 
498 
499 
500 
501 
502 
503 509 
504 
505 
506 
507 
508 
509 
510 
511 
512 
513 
514 
515 
516 
517 
518 
519 
520 
521 
522 
523 
524 
525 
526 
527 
528 
529 

1 2 3 4 7 11 12 18 28 31 40 77 81 84 87 88 91 256 317 344 346 414 416 
9 10 14 25 32 42 52 95 97 285 291 339 345 347 386 466 
6 8 27 72 85 119 264 274 312 356 382 396 436 
5 30 49 73 106 120 247 272 331 379 389 422 437 
22 26 41 74 76 79 114 117 121 239 323 438 479 489 
23 75 122 253 373 439 490 
123 430 440 
24 124 246 329 431 433 441 477 
125 330 442 478 500 506 
126 443 
127 444 481 
13 15 19 68 128 381 390 434 445 475 
16 20 69 78 129 446 
17 21 130 447 
131 391 435 448 
132 449 
133 450 
134 451 
29 44 50 86 94 102 115 135 257 403 452 463 485 
136 453 
137 454 
138 455 
139 456 
140 457 
141 458 502 
142 459 
33 143 372 460 467 
144 255 461 
51 80 92 98 100 111 145 318 328 421 423 
101 104 146 516 
47 105 108 116 147 464 512 
34 35 37 45 82 110 148 275 310 380 417 419 
36 38 149 236 
39 150 
151 235 
152 276 
153 
43 53 154 292 
54 155 400 
55 156 
48 56 70 71 157 319 348 364 
57 158 
58 118 159 480 
59 160 
46 60 161 
61 162 
62 163 
63 164 
64 109 165 
65 166 409 
66 107 167 248 410 513 
67 103 168 249 283 411 514 517 
93 112 169 250 260 424 
170 
171 
172 
173 
174 
175 
176 
177 
178 
179 
180 
181 
182 
183 
184 
185 
186 
187 
188 
189 320 
190 321 
191 
192 
193 254 374 
194 
195 
196 
197 
83 89 99 198 265 266 278 284 286 375 415 529 
90 199 
200 311 
201 432 504 
202 
203 282 313 
96 204 357 525 
205 245 338 341 349 358 520 526 
206 342 350 359 527 
207 343 351 360 
208 
209 
210 
113 211 237 242 251 261 471 
212 241 258 326 404 413 
213 340 
214 
215 259 392 401 407 
216 
217 279 
218 280 
219 325 511 
220 
221 412 
222 
223 322 332 
224 
225 
226 
227 
228 277 293 394 
229 
230 
231 238 243 252 428 472 
232 240 244 324 
233 
234 




























































































































270 




509 
510 




429 473 


262 267 273 288 290 397 418 
263 268 
269 
327 405 
406 426 
427 
271 314 486 
315 
281 316 

469 







289 
383 


294 
295 
296 
297 
298 
299 
300 
287 301 470 
302 484 
303 
304 
305 
306 
307 398 
308 399 
309 
















393 395 






402 

408 



333 
334 
335 
336 
337 
515 


501 507 







521 
522 
523 
524 

352 361 376 378 384 420 462 
353 362 
354 363 377 387 482 
355 388 483 

365 
366 
367 
368 
369 
370 
371 



















468 



385 


476 
























425 








465 518 519 528 


487 
488 


491 
492 
493 
494 
495 
496 
497 
474 498 
499 

505 
503 



































































508 



























0
0
0
0
0
1
1
0
1
0
0
0
0
1
0
1
2
3
0
1
2
3
1
2
1
0
1
1
0
1
1
0
0
1
1
1
2
1
2
3
0
1
0
1
1
1
2
2
1
1
1
1
0
1
2
3
4
5
6
7
8
9
10
11
12
13
14
15
1
2
1
1
1
2
3
4
2
0
1
1
1
0
1
1
0
1
1
0
0
1
2
0
1
2
1
0
1
0
1
2
1
2
1
2
2
3
1
2
2
3
1
1
2
3
1
1
2
2
2
1
2
3
4
5
6
7
8
9
10
11
12
13
14
15
16
17
18
19
20
21
22
23
24
25
26
27
28
29
30
31
32
33
34
35
36
37
38
39
40
41
42
43
44
45
46
47
48
49
50
51
52
53
54
55
56
57
58
59
60
61
62
63
64
65
66
67
68
69
70
71
72
73
74
75
76
77
78
79
80
81
82
83
84
85
86
87
88
89
90
91
92
93
94
95
96
97
98
99
100
101
102
103
104
105
106
107
108
109
110
111
112
113
114
115
116
2
2
1
2
1
2
2
1
2
3
1
1
1
2
3
4
3
4
2
3
2
0
1
2
1
2
3
1
2
1
1
1
1
2
3
3
2
1
1
1
1
2
2
2
3
4
2
2
2
2
0
1
2
1
2
2
0
1
2
3
4
5
6
7
8
9
10
11
12
13
14
15
16
17
18
1
2
1
2
2
3
4
0
1
1
2
3
2
2
2
2
2
3
1
1
2
2
2
3
4
5
6
7
1
0
1
2
3
4
0
0
0
0
1
1
2
3
4
5
6
7
1
1
2
3
4
5
6
7
1
2
3
4
5
6
7
8
1
2
3
1
1
1
1
1
2
1
1
2
2
2
0
1
2
1
1
2
1
2
2
3
1
2
3
4
2
1
1
1
2
3
4
1
2
2
3
4
3
2
0
1
0
1
1
1
2
1
1
1
2
3
2
3
4
5
3
4
1
1
1
2
1
2
3
4
5
6
7
8
9
10
11
12
13
14
15
16
17
18
19
20
21
22
23
24
25
26
1
1
2
1
0
1
2
2
2
1
2
3
4
1
2
2
3
1
2
1
1
2
1
1
2
2
3
1
2
2
3
4
5
6
7
8
9
10
5
3
2
2
1
2
2
3
4
2
3
2
2
2
3
2
2
2
1
1
1
2
3
4
5
1
2
3
2
1
0
76
69
71
72
71
69
68
69
76
76
64
65
64
76
64
65
64
74
64
65
64
72
71
68
76
72
69
77
74
71
79
76
72
79
79
76
79
76
72
67
72
76
79
74
79
74
71
67
71
74
77
76
79
76
72
67
72
76
79
74
79
74
71
67
71
74
77
64
65
67
67
69
71
72
71
72
82
65
72
77
81
79
81
66
69
74
84
83
81
79
86
77
76
74
76
84
76
77
81
77
74
74
77
74
71
71
74
71
67
79
77
76
74
72
74
71
72
76
69
71
72
71
69
68
69
76
76
64
65
64
76
64
65
64
74
64
65
64
72
71
68
76
72
69
77
74
71
79
76
72
79
79
76
79
76
72
67
72
76
79
74
79
74
71
67
71
74
77
76
79
76
72
67
72
76
79
74
79
74
71
67
71
74
77
64
65
67
67
69
71
72
71
72
82
65
72
77
81
79
81
66
69
74
84
83
81
79
86
77
76
74
76
84
76
77
81
77
74
74
77
74
71
71
74
71
67
79
77
76
74
72
74
71
72
79
76
74
72
72
74
76
74
72
74
83
68
71
74
77
76
74
72
71
72
69
73
74
76
77
76
74
73
74
69
81
81
73
74
76
74
73
71
73
69
79
79
77
81
77
74
69
74
77
81
76
81
76
73
69
73
76
79
77
81
77
74
69
74
77
81
76
81
76
73
69
73
76
79
77
79
81
69
74
73
74
69
62
77
67
69
71
71
72
74
74
76
77
77
68
69
71
71
72
74
74
76
77
83
76
84
83
81
79
78
76
75
76
67
83
81
79
78
76
75
76
69
84
83
81
79
78
76
75
67
83
81
79
78
76
75
76
72
71
72
81
78
75
78
71
79
64
69
79
78
71
76
75
76
71
64
76
77
79
77
79
69
73
76
79
76
77
62
74
76
77
76
77
67
71
74
77
74
76
60
81
80
79
73
79
78
77
71
77
76
77
76
74
72
71
69
68
66
68
64
76
69
71
72
71
69
68
69
76
76
64
65
64
76
64
65
64
74
64
65
64
72
71
68
76
72
69
78
74
71
80
76
72
81
81
76
74
72
71
69
64
69
68
69
72
76
76
75
76
81
74
73
79
78
72
71
77
76
77
76
74
72
71
69
68
69
71
68
64
66
68
69
71
68
71
74
74
71
74
77
77
74
77
80
80
83
76
84
83
81
84
83
81
80
81
